-0.5	:	182	704
0	:	188	684
0.5	:	170	630
1	:	159	569.5
1.5	:	161	509
2	:	154	448.5
2.5	:	157	388
2.7	:	156	357
3	:	168	327.5
3.3	:	155	290
3.5	:	152	267
4	:	158	206.5
4.5	:	162	169
5	:	169	147
5.5	:		
6	:	215	139
6.5	:	278	152
7	:	336	146
7.5	:	394	139
8	:	457	143
8.5	:		
9	:	521	150
9.5	:		
10	:	524	203
10.5	:	525	266
11	:	514	320
11.5	:	527	386
12	:	523	448
12.5	:		
13	:	511	509
13.5	:		
14	:	547	509
14.5	:	394	509
15	:	342	514
15.5	:		
16	:	274	510
16.5	:		
17	:	281	447
17.5	:	281	387
18	:	273	319
18.5	:		
19	:	277	265
19.5	:		
20	:	334	262
20.5	:		
21	:	391	271
21.5	:		
22	:	397	327
22.5	:		
23	:	398	379
